94979
92937
110180
137259
126769
149410
93014
125249
149112
135382
141639
102578
125104
128391
151904
138464
122349
109245
140408
117032
127571
135428
150389
160885
138359
98268
131819
148758
135214
135299
122351
134072
149768
136911
156112
136217
155665
122338
149665
147017
106841
148753
171296
123985
147938
111811
124089
155860
128842
140078
135538
145450
119143
138885
283088
98823
119132
103366
113164
142792
129799
127239
149146
124135
143165
137198
172815
163543
145412
135661
159234
113202
153358
145463
115405
152834
149101
135310
169187
112876
141644
122979
135185
135336
137298
147480
147519
141935
149041
121188
123168
130939
147155
151444
95272
129216
130360
143602
129300
97155
93984
137319
152017
136813
135007
110232
142298
117940
108544
135539
136510
130391
155783
114684
142734
168322
165154
99443
130457
144301
92936
137194
97166
135920
173641
142738
146147
161427
125247
131820
125234
147576
143152
146416
97165
157016
124092
111479
132367
142277
143381
128838
170235
117824
159838
143775
110059
156855
119326
115067
142476
128392
135480
140492
99429
145937
302209
122920
145192
153603
105967
155871
99417
159023
108743
141549
143803
141444
148021
123424
142716
150693
149386
136290
127572
155626
148301
154710
140152
121697
147479
102417
163042
163043
136682
136289
135173
146148
142560
136922
123435
95287
107310
112316
141476
136207
148794
133068
147588
167459
101363
155904
98627
135875
142024
122340
125901
137057
144965
124739
169465
128074
136509
152003
138881
94188
121698
145407
101376
140437
128067
109042
109295
110565
150493
160089
144277
128364
168417
115783
119693
130133
141168
141220
107189
144743
148963
173263
145999
114974
122347
150156
104769
112320
96263
84370
111702
111435
138023
148966
123431
136291
156948
108857
159836
122345
154283
143206
136482
136759
150841
97996
155454
130130
388784
128363
119614
135515
135238
112308
137129
150083
143174
155432
170257
147575
161426
119014
106709
152006
139729
144968
151964
136680
128056
100824
159277
160211
136944
147084
157331
108809
153383
130359
150996
160142
161695
149924
144924
127115
134951
93992
123806
144495
94136
123432
135512
136667
148849
157501
138692
126088
154244
439542
141645
150161
95845
120411
168194
117766
135341
152022
143314
107008
95259
112856
149379
439545
150157
150158
150159
150160
136942
148798
168757
168759
74228
141651
151541
144967
143234
136390
124040
129221
131583
153389
144961
102549
140427
147789
159163
166195
172523
135469
113549
168758
91231
130937
125586
121946
168721
145960
110060
170082
108312
122344
156896
135330
134610
156113
156119
143140
141487
151969
162295
109147
149105
123616
155499
165256
108541
99445
147010
128158
141643
159309
143761
97157
168739
143772
129898
135931
124165
128072
149405
146722
149107
149108
153765
149978
143477
117905
124078
134607
123778
101646
125103
123703
140434
149380
125101
134237
147777
99418
164437
169684
172387
172471
172556
159840
109138
153630
154216
167142
134843
90249
122223
143249
83462
117774
95271
136970
142723
153723
112958
95883
126219
131338
106088
124964
111818
113945
150115
94966
122346
172659
150851
115394
141929
144280
149106
151818
94681
166197
170115
172388
172482
172541
106092
110239
144058
95914
168750
294155
307326
396848
117028
144844
97160
123967
157009
133447
172828
142384
149769
127573
114971
114972
114973
142773
164629
145408
145942
103681
124076
142647
152212
123434
96303
95265
97136
142472
169545
121708
123467
153382
135262
136311
141931
141207
124256
138393
150718
128187
142385
144732
106465
108555
100489
124979
140426
141927
142739
142748
320778
399499
104042
108313
117657
129830
138014
144216
130528
133460
151517
284738
147608
125349
164427
169510
134703
109391
130166
118663
135407
117767
130039
135658
149594
152263
127561
125026
136899
93985
103682
103683
112877
131719
108878
123024
130169
130497
132015
138515
142731
142737
142740
142745
142785
143250
143251
153662
157290
162150
130392
135518
144279
157341
143744
142559
112878
126239
142724
142725
142726
148812
146727
148861
111691
98884
101378
124080
128299
129220
129492
136507
151352
167456
130165
98363
128161
142753
155615
142292
140413
162623
148297
149377
96097
98798
156281
515375
145473
109507
95986
95987
124286
130707
148813
148814
149430
130150
156951
128048
159102
118679
122341
122348
125951
137890
109340
141937
122339
137276
147518
124167
128808
128833
148008
148368
152818
147520
141926
136295
112307
111988
140309
93986
97971
97997
112971
117714
141641
142735
142736
142781
92480
85861
171078
131791
97797
149680
152256
157104
127235
108884
144689
124084
123585
135909
155057
95286
147607
149378
95900
96102
96175
109043
117918
130674
135812
139730
140164
142025
168751
168752
117768
124733
122324
142733
142741
142744
142761
148159
80329
143898
151044
130646
144908
174043
123039
153366
130051
133799
118664
128874
134430
141484
108501
140273
150162
114776
106094
130388
150955
138369
108314
120995
125796
115163
123038
105933
112932
126089
126090
439544
137128
150987
151949
155650
159190
135265
108452
136312
149399
94965
135485
130167
130168
118475
133012
95969
104796
121206
159536
112586
142652
142759
142769
142777
142809
149884
152258
153341
153342
153403
160953
161595
83373
131790
124001
115157
124796
130163
128821
146469
112021
131673
149684
96632
97998
97999
149042
149043
149044
151077
160459
149683
96109
132819
149037
296871
108536
111527
128285
132616
134236
105919
126001
149396
160300
148828
150993
155510
129386
133313
147393
118157
129862
147526
132850
132852
132853
97033
97469
97476
167464
168747
124002
109291
124115
97973
97974
105614
124758
135423
142798
144695
146776
147960
153635
155584
155644
107362
111918
141682
142768
143819
149600
159084
162398
144692
132645
126030
145925
154270
133448
135592
154305
136297
95848
97465
98773
104709
111499
122323
139745
140094
141624
148366
151963
154281
155049
156127
95275
125978
78982
135656
157217
123041
134736
169261
110126
170835
376229
117030
123433
135273
110237
149421
105769
95817
95824
95904
96243
97032
97491
97492
97493
97495
97496
97497
103719
108535
117644
120825
128390
138765
141661
393706
393707
142029
151358
155974
156754
315934
99259
106697
124130
134861
137291
142728
147961
150048
153142
153628
154234
155455
166544
136463
141200
145010
145953
118615
143142
151298
163448
127472
104693
93173
169614
159501
107364
124116
147403
147447
131584
139454
119701
120633
126722
135813
135814
140406
142778
125267
134178
161779
107520
112022
146976
95328
95858
95866
95877
95905
95928
96089
96091
96094
96204
96206
96671
96788
97043
97044
97474
97490
98300
100182
113097
141936
146956
150188
142276
130638
143776
145135
97712
97713
142032
146146
152699
154253
134099
153406
129218
113027
129182
97193
97877
97889
97972
97975
99630
122925
143820
143821
143916
144663
148725
148770
149359
150507
150698
151884
155819
163456
164613
166545
166546
166547
169751
387502
95292
95985
97449
125091
157567
141728
127231